MountainCar_std1_higher,AvgRet,MountainCar_mu0_higher,NatGrad2Norm,VarJ,ReturnMax,Iteration,StepSize,MinEpLen,TimestepsSoFar,NatGradInftyNorm,AvgEpLen,BatchSize,MountainCar_std0_higher,ActionIn1,MountainCar_mu1_higher,ReturnMean,J,NumTrajectories
3.0,1.2787972622689239,0.05171383,0.030851772,9.765890675582226e-05,0.09087264520012571,1,1.0,666,99290,0.030574452,992.9,100,0.14999999,0.30288267,-0.99866194,-0.06323083020014432,-0.06323083020014432,100
3.0,1.875459154214605,0.047586523,0.09820119,0.0006647008861359078,1.9404368074204579,2,1.0,387,198375,0.09551768,991.875,100,0.14999999,-6.898933,-0.9680875,-0.0716549110497569,-0.0800789918993695,200
3.0,1.3996281243473572,0.024786377,0.044520374,7.209385050597498e-05,1.9404368074204579,3,1.0,387,297693,0.044519935,992.31,100,0.14999999,0.7462305,-0.8725698,-0.06453135830609918,-0.05028425281878375,300
3.0,1.124937371308927,0.024984408,0.13819967,0.0003709987938585168,1.9404368074204579,4,1.0,387,396926,0.13806796,992.315,100,0.14999999,0.45337787,-0.82804984,-0.06521534497639025,-0.06726730498726351,400
3.0,1.302910329937456,0.018952288,0.11677411,0.00039949673474039293,1.9404368074204579,5,1.0,387,496056,0.1165247,992.112,100,0.14999999,-3.8858385,-0.6899819,-0.06145662742564551,-0.046421757222666546,500
3.0,1.2165529590182502,0.0113241775,0.31120288,0.0011450430911319183,3.187209793162579,6,1.0,334,595145,0.31115007,991.9083333333333,100,0.14999999,2.5647116,-0.5734572,-0.05817683140479839,-0.04177785130056276,600
3.0,1.2170743992124002,0.017056482,0.019381365,7.536662556524705e-05,3.187209793162579,7,1.0,334,694813,0.019127475,992.59,100,0.14999999,1.0799563,-0.2623071,-0.06032566854685748,-0.073218691399212,700
3.0,5.211001033599383,0.01392966,0.057389505,0.00037115412034098295,3.187209793162579,8,1.0,334,792809,0.057302706,991.01125,100,0.14999999,-3.2802525,-0.24317963,-0.057874747464782134,-0.0407182998902547,800
3.0,0.45638031170282845,0.010774499,0.009862826,3.632644646088052e-05,3.187209793162579,9,1.0,334,892592,0.00968968,991.7688888888889,100,0.14999999,0.22460175,-0.18587694,-0.05684509340410226,-0.04860786091866327,900
3.0,4.07987393872409,0.012614456,0.024272805,0.00016233550031015783,3.187209793162579,10,1.0,334,990876,0.023432586,990.876,100,0.14999999,-2.7219832,-0.17618726,-0.0583587274747304,-0.07198143411038367,1000
3.0,7.095605942726308,0.0062833433,0.01653358,0.00010114406185241726,3.187209793162579,11,1.0,334,1088516,0.014047734,989.56,100,0.14999999,1.4169774,-0.15275468,-0.0584082170730297,-0.05890311305602272,1100
3.0,2.3318212978098964,-0.002435626,0.0052276296,9.005748840846655e-05,3.187209793162579,12,1.0,334,1187798,0.005226419,989.8316666666667,100,0.14999999,-0.4630335,-0.13870695,-0.05840945246224467,-0.058423041743609246,1200
3.0,4.218850137162762,-0.0023231357,0.033306997,0.0001669458189490499,3.187209793162579,13,1.0,334,1286116,0.03209214,989.32,100,0.14999999,-3.385373,-0.13348053,-0.05781315678883739,-0.05065760870795009,1300
3.0,5.221766032061545,-0.011236655,0.41989088,0.001286109876875059,3.187209793162579,14,1.0,334,1383841,0.41988242,988.4578571428572,100,0.14999999,-3.8925345,-0.101388395,-0.05442991292019354,-0.010447742627823586,1400
3.0,10.121966575578892,-0.013903947,0.29686943,0.0007445206712609715,3.187209793162579,15,1.0,334,1480627,0.29679078,987.0846666666666,100,0.14999999,-7.9287634,0.31849402,-0.052492887296023756,-0.025374528557646537,1500
3.0,14.338842118424061,-0.020737223,0.21634433,0.0002859900724809282,3.187209793162579,16,1.0,334,1575105,0.21631792,984.440625,100,0.14999999,0.06510937,0.6152848,-0.04927578370448247,-0.0010192298313634238,1600
3.0,6.130183819819514,-0.024117615,0.2342728,0.0005019124220929184,3.187209793162579,17,1.0,334,1672800,0.23427226,984.0,100,0.14999999,3.9524457,0.8316027,-0.04864064616692308,-0.03847844556597281,1700
3.0,8.08182841798398,-0.024621427,0.6456492,0.0024492482477136935,4.577352553393433,18,1.0,302,1769323,0.64563626,982.9572222222222,100,0.14999999,0.7315701,1.0658749,-0.045690521683082214,0.0044615945422126265,1800
3.0,10.016458941694573,-0.028706925,0.0045263176,0.00011839825443874727,4.577352553393433,19,1.0,302,1866454,0.003551961,982.3442105263158,100,0.14999999,2.333216,1.7115111,-0.04646697025001629,-0.06044304445482961,1900
3.0,15.268543192982195,-0.031512477,0.19049935,0.0002715913363465299,4.577352553393433,20,1.0,302,1961429,0.19049764,980.7145,100,0.14999999,7.386698,1.7150631,-0.045046494957117676,-0.018057464392044163,2000
3.0,11.034406382829184,-0.030703213,0.34492102,0.0011676678823864777,4.577352553393433,21,1.0,302,2057831,0.3445161,979.9195238095238,100,0.14999999,-4.0119934,1.9055607,-0.043699666214001814,-0.016763091351684658,2100
3.0,20.06861364080679,-0.0139948465,0.4866636,0.0011154593826440248,4.577352553393433,22,1.0,302,2149804,0.48664075,977.1836363636363,100,0.14999999,4.065117,2.2500768,-0.04017513031511084,0.03384012356159978,2200
3.0,17.813345278154387,-0.018711712,0.25671282,0.0005945060960899104,4.577352553393433,23,1.0,302,2243221,0.2567106,975.3134782608696,100,0.14999999,8.606042,2.7367175,-0.03918316189231102,-0.01735985659071496,2300
3.0,21.984570300728993,-0.019781139,0.5021514,0.0014994538800690454,4.577352553393433,24,1.0,302,2334704,0.5021147,972.7933333333333,100,0.14999999,5.4342637,2.993428,-0.03532850701955505,0.053328555053832355,2400
3.0,20.850399646098968,-0.025855143,0.66592807,0.0030326642506212,4.577352553393433,25,1.0,302,2425741,0.66584826,970.2964,100,0.14999999,3.0142655,3.4955428,-0.030332293121474556,0.08957684043245726,2500
3.0,41.781722394619926,-0.015545418,2.0840182,0.013795632862728564,8.757469923359302,26,1.0,236,2506868,2.0839746,964.18,100,0.14999999,2.9930587,4.1613913,-0.01481712181283652,0.3730621609031145,2600
3.0,58.57172234967679,-0.02901598,3.6107168,0.0310230229623752,9.350394761340072,27,1.0,233,2578901,3.6105182,955.1485185185185,100,0.14999999,6.787378,6.245366,0.015564584532853672,0.8054889495207983,2700
3.0,86.4938343560777,0.008838121,6.7410283,0.10589137306799402,19.369749931711002,28,1.0,161,2628452,6.741028,938.7328571428571,100,0.14999999,12.957,9.855885,0.1038999576526953,2.488955031888419,2800
3.0,95.18536852700721,0.011745449,18.244724,0.38613548572284573,20.780889603060416,29,1.0,152,2655758,18.2439,915.7786206896552,100,0.14999999,16.730839,16.596912,0.40632473200350644,8.874218413826219,2900
3.0,87.54330008997673,0.18505089,15.987197,1.3037563998297386,40.15823311021133,30,1.0,82,2670599,15.980093,890.1996666666666,100,0.14999999,36.774452,34.840813,1.1310554531889678,22.14824636756734,3000
3.0,77.2606365503617,0.6615891,0.6010582,0.5866299374705453,40.15823311021133,31,1.0,82,2680772,0.5574191,864.7651612903226,100,0.14999999,47.65532,50.820908,1.9418767646950954,26.266516109878925,3100
3.0,75.39684231673125,0.43674493,3.3976147,0.8329512814440829,40.15823311021133,32,1.0,82,2691537,3.367133,841.1053125,100,0.14999999,50.476585,51.378326,2.6625077516258693,25.002068346479856,3200
3.0,72.75792726369785,0.8908388,5.7217875,0.2954350770533237,40.15823311021133,33,1.0,82,2700980,5.7163286,818.4787878787879,100,0.14999999,59.874596,54.74546,3.3234116536416702,24.472336518147298,3300
3.0,69.97548407390767,0.6409652,4.0074315,0.5044444919387407,40.15823311021133,34,1.0,82,2710818,3.9247918,797.2994117647058,100,0.14999999,65.69096,60.46179,3.92245355929204,23.690836445754275,3400
3.0,67.5656477939162,1.4506037,0.907814,0.29945442277353607,40.15823311021133,35,1.0,82,2720703,0.8322257,777.3437142857143,100,0.14999999,53.612404,56.536995,4.314511945131864,17.64449706368584,3500
3.0,70.35377522362694,1.0879376,2.3710008,0.2631356767174028,40.15823311021133,36,1.0,82,2729994,2.362262,758.3316666666667,100,0.14999999,59.46786,55.70477,4.81842502539383,22.45538283456262,3600
3.0,72.44769254769756,0.8845594,4.7858157,0.18601448589205988,40.15823311021133,37,1.0,82,2739107,4.782344,740.2991891891892,100,0.14999999,53.654026,58.06703,5.362701508899264,24.956654915094877,3700
3.0,74.77435189287054,1.0668216,6.373306,0.18954190723143602,40.15823311021133,38,1.0,82,2748447,6.360974,723.2755263157894,100,0.14999999,55.66739,53.284687,5.87530332028587,24.841570341590327,3800
3.0,71.00534130521133,0.6705376,6.012005,0.2974508122285663,40.15823311021133,39,1.0,82,2757799,6.00978,707.1279487179487,100,0.14999999,60.387707,59.64566,6.355411762469309,24.599532565440025,3900
3.0,74.55442002500075,0.5069903,1.1128049,0.644461126928662,40.15823311021133,40,1.0,82,2768202,0.84879327,692.0505,100,0.14999999,58.904522,53.63588,6.82577557779771,25.16996437560533,4000
3.0,69.7448368208091,1.2266324,5.885187,0.3469392913359941,40.15823311021133,41,1.0,82,2777823,5.880516,677.5178048780488,100,0.14999999,53.201725,54.484673,7.15500065733074,20.32400383865195,4100
3.0,70.78363125061526,1.461069,9.96264,0.5703681359604488,40.15823311021133,42,1.0,82,2788674,9.955345,663.97,100,0.14999999,49.48522,48.604156,7.397211443623555,17.327853681629037,4200
3.0,69.62579036426129,1.0798852,4.842026,0.27565737458877887,40.15823311021133,43,1.0,82,2797896,4.826142,650.6734883720931,100,0.14999999,55.13105,58.5595,7.746940163623217,22.435546403608917,4300
3.0,73.79371030118905,0.6880013,9.354205,0.48080257143885063,40.15823311021133,44,1.0,82,2807703,9.349764,638.1143181818181,100,0.14999999,59.238003,53.73336,8.14723116510046,25.359744228621867,4400
3.0,64.96132587356813,0.97622144,16.14094,0.2922181384930327,40.15823311021133,45,1.0,82,2816830,16.14066,625.9622222222222,100,0.14999999,62.460163,63.083122,8.423821840394703,20.59381155334154,4500
3.0,79.55186112787182,0.88118106,0.7191169,0.39350723097243545,40.15823311021133,46,1.0,82,2826793,0.5337879,614.5202173913043,100,0.14999999,47.691414,46.942463,8.82532218696509,26.892837782632434,4600
3.0,79.32580689900686,0.39931008,1.0338162,1.0060557153312126,40.15823311021133,47,1.0,81,2838468,1.0281749,603.9293617021276,100,0.14999999,49.8895,47.47625,9.16342178622475,24.716003352169068,4700
3.0,81.85792448542918,0.5071637,10.6211815,0.8400475353258697,40.15823311021133,48,1.0,81,2849605,10.61696,593.6677083333333,100,0.14999999,42.19683,46.448074,9.533125412866106,26.909195865009874,4800
3.0,86.75377515066317,0.20771432,11.715353,1.2869556238827808,40.35057142112239,49,1.0,81,2863869,11.714314,584.4630612244898,100,0.14999999,39.94627,35.831116,9.797704389698653,22.497495277660878,4900
3.0,79.2471918064156,0.3637347,18.456942,0.9663133940917216,40.35057142112239,50,1.0,80,2875139,18.456764,575.0278,100,0.14999999,47.663864,47.54543,10.114871251415916,25.656047475561856,5000
