ReturnMean,StepSize,Iteration,NatGrad2Norm,NumTrajectories,J,TimestepsSoFar,BatchSize,MountainCar_std0_higher,MinEpLen,ActionIn1,NatGradInftyNorm,AvgRet,MountainCar_std1_higher,MountainCar_mu1_higher,AvgEpLen,MountainCar_mu0_higher,VarJ,ReturnMax
-1.3587037524769885,1.0,1,0.16705361,100,-1.3587037524769885,95826,100,0.14999999,437,-3.043477,0.13912474,4.136592925687536,3.0,0.60902077,958.26,-0.79315424,0.002042844215636583,0.4386352838285089
-1.2110048257910513,1.0,2,0.25024095,200,-1.0633058991051134,189775,100,0.14999999,406,-1.8104825,0.24100186,7.960541564276387,3.0,0.7481455,948.875,-0.70068145,0.001741573843803342,0.4386352838285089
-1.086525134293286,1.0,3,0.49913916,300,-0.8375657512977556,286481,100,0.14999999,331,-0.27331257,0.4975834,3.1043391810011753,3.0,0.5071437,954.9366666666666,-0.633312,0.0020609837727597847,1.7875837667574808
-1.0137369755940469,1.0,4,0.114947595,400,-0.795372499496329,380669,100,0.14999999,331,3.4505649,0.09889854,13.587089605306565,3.0,1.0047271,951.6725,-0.59393346,0.0015923264986802085,1.7875837667574808
-0.9395879374325625,1.0,5,0.7711468,500,-0.6429917847866256,475720,100,0.14999999,331,-3.544329,0.7688695,7.964335331330031,3.0,1.1036257,951.44,-0.53534997,0.002500958920750683,2.757535869402903
-0.8442862253335008,1.0,6,0.6434057,600,-0.36777766483819185,563762,100,0.14999999,331,4.4778767,0.64234316,26.649351892173545,3.0,1.8724952,939.6033333333334,-0.47613034,0.003584523983358668,2.765976188033138
-0.7565986528868957,1.0,7,1.5901687,700,-0.23047321820726535,653238,100,0.14999999,261,6.802293,1.5897627,23.147666226702803,3.0,2.5148382,933.1971428571428,-0.43916944,0.009292921631300544,6.061761968058809
-0.6862277992179863,1.0,8,1.0513709,800,-0.1936318235356204,735674,100,0.14999999,261,3.4015923,1.0503896,46.448742889245956,3.0,4.104601,919.5925,-0.40323853,0.004924701103493272,6.061761968058809
-0.585554151329712,1.0,9,2.0894902,900,0.21983503177648284,810924,100,0.14999999,260,6.2937565,2.08925,60.74203271472734,3.0,5.1549907,901.0266666666666,-0.35782707,0.01356035721748197,6.346561234239597
-0.47727518047034595,1.0,10,2.297344,1000,0.49723555726394797,875294,100,0.14999999,258,6.1682906,2.2973354,78.31500099492553,3.0,7.2442408,875.294,-0.3261559,0.01996635442600743,6.770104788349408
-0.25857605387295984,1.0,11,5.1650124,1100,1.9284152121009017,925683,100,0.14999999,191,5.4051185,5.1650124,90.65539763661609,3.0,9.541576,841.53,-0.31986135,0.08122058196405763,13.95229951697239
0.23484722717725195,1.0,12,8.959821,1200,5.662503318729582,957557,100,0.14999999,163,13.21489,8.9549465,95.08973615497995,3.0,14.706589,797.9641666666666,-0.3194791,0.19319115719904392,18.70724390609376
1.3285228540784357,1.0,13,7.80584,1300,14.452630376892637,976983,100,0.14999999,106,20.429718,7.805794,90.96652418149371,3.0,23.661535,751.5253846153846,-0.61496854,0.7000443308593605,30.31049942934766
2.471415055417194,1.0,14,8.660908,1400,17.329013672821056,993623,100,0.14999999,105,28.592165,8.66048,85.92117909973335,3.0,31.467329,709.7307142857143,-0.6418692,0.7245094538830196,30.31049942934766
3.5668187989513966,1.0,15,12.762765,1500,18.902471208430235,1007541,100,0.14999999,105,37.64278,12.755644,78.56950273937069,3.0,40.127808,671.694,-0.5557708,0.4671532078621447,30.31049942934766
4.390056582611443,1.0,16,5.9863725,1600,16.73862333751214,1024924,100,0.14999999,104,22.40176,5.9634137,85.67262338364826,3.0,27.372164,640.5775,-0.9820588,0.9514331413960099,30.31049942934766
5.146998863590561,1.0,17,4.5924745,1700,17.258075359256452,1039374,100,0.14999999,103,27.503218,4.586193,75.53502670197855,3.0,33.33558,611.3964705882353,-1.5058475,0.778260615189598,30.31049942934766
5.925412429160403,1.0,18,0.3337404,1800,19.158443043847704,1052430,100,0.14999999,103,34.049835,0.2918116,74.55399790619745,3.0,37.921772,584.6833333333333,-1.2657329,0.5813718089541497,30.31049942934766
6.5630537314326585,1.0,19,2.662155,1900,18.04059717233326,1065390,100,0.14999999,103,39.411144,2.6612816,72.68304173603747,3.0,38.213585,560.7315789473685,-1.4276855,0.5343192652141774,30.31049942934766
7.046531442631092,1.0,20,1.2799894,2000,16.232607955401328,1078439,100,0.14999999,103,38.722725,1.268612,68.10094474783716,3.0,40.874866,539.2195,-1.3595059,0.5317853318220195,30.31049942934766
7.535100539952279,1.0,21,1.4920524,2100,17.306482486376016,1090129,100,0.14999999,103,42.009224,1.4812833,66.58938850009672,3.0,42.14348,519.1090476190476,-1.5297891,0.2610257733268002,30.31049942934766
7.957295557450682,1.0,22,9.599291,2200,16.82339092491711,1103457,100,0.14999999,103,39.005276,9.599022,69.93978902735871,3.0,40.662193,501.5713636363636,-1.3508477,0.5371968661498826,30.31049942934766
8.469305121344853,1.0,23,9.894138,2300,19.733515527016596,1117353,100,0.14999999,103,36.71437,9.894022,80.4588876212303,3.0,31.063171,485.805652173913,-1.4227568,0.7106486204998106,30.31049942934766
8.859555900714541,1.0,24,0.38929254,2400,17.83532382621745,1129715,100,0.14999999,103,39.219006,0.28204182,69.77126323828325,3.0,40.95719,470.71458333333334,-1.3748388,0.3946646214962677,30.31049942934766
9.240163069578244,1.0,25,13.389787,2500,18.374735122307094,1142908,100,0.14999999,103,43.081207,13.387527,74.18814565832864,3.0,41.22552,457.1632,-1.092797,0.49173914899068377,30.31049942934766
9.544772428217748,1.0,26,10.719295,2600,17.16000639420536,1159832,100,0.14999999,103,23.823202,10.719295,86.0719874517177,3.0,27.837994,446.08923076923077,-0.84682584,0.9257051731175957,30.31049942934766
9.859542230408664,1.0,27,2.1465242,2700,18.04355708737246,1174410,100,0.14999999,103,36.453278,2.1397095,77.54677812486845,3.0,38.55729,434.96666666666664,-0.8462683,0.6598568889419153,30.31049942934766
10.181190870825757,1.0,28,3.3130975,2800,18.8657041620873,1189239,100,0.14999999,103,35.312744,3.3130968,82.13641522065055,3.0,36.41758,424.7282142857143,-0.67536175,0.5591863221317026,30.31049942934766
10.489456384468177,1.0,29,1.9968547,2900,19.120890766455886,1202701,100,0.14999999,103,37.8593,1.9920815,76.62478317822796,3.0,39.730675,414.7244827586207,-0.6731218,0.4699117514042234,30.31049942934766
10.842279822891976,1.0,30,17.089216,3000,21.07415953718214,1216033,100,0.14999999,103,34.84459,17.078766,80.69004443542623,3.0,37.738594,405.34433333333334,-0.81110567,0.5466142713022127,30.31049942934766
10.861664838653207,1.0,31,5.7413745,3100,11.443215311490155,1238632,100,0.14999999,103,22.350069,5.73784,93.85400692899773,3.0,20.659828,399.55870967741936,-0.2135737,0.385800158777123,30.31049942934766
11.025851185854775,1.0,32,8.789313,3200,16.11562794910339,1256409,100,0.14999999,84,27.157438,8.785821,90.47645538906362,3.0,26.397669,392.6278125,-0.012156457,0.5197306476168022,40.772478683969396
11.395387356133226,1.0,33,26.566898,3300,23.22054480504362,1270526,100,0.14999999,80,34.618664,26.561687,86.83105327408428,3.0,35.18349,385.0078787878788,0.23558429,1.432361826262993,40.772478683969396
11.74265549544033,1.0,34,0.1864706,3400,23.202504092574838,1279534,100,0.14999999,80,64.43532,0.15581748,67.83240742008392,3.0,61.74518,376.3335294117647,0.7617253,0.24440450491418667,40.772478683969396
12.055361551469888,1.0,35,11.84307,3500,22.687367456474846,1288610,100,0.14999999,80,57.707615,11.840959,67.30608670915638,3.0,61.900997,368.1742857142857,0.8641567,0.28454989543706716,40.772478683969396
12.405990536076544,1.0,36,8.136697,3600,24.67800499730944,1298123,100,0.14999999,80,51.406918,8.125165,75.89176418310355,3.0,50.06004,360.58972222222224,1.0878193,0.21236449709136906,40.772478683969396
12.71732269516953,1.0,37,6.95265,3700,23.925280422517016,1307837,100,0.14999999,80,53.859913,6.9505353,70.51189823310361,3.0,58.185204,353.4694594594595,0.65475976,0.47115127499395265,40.772478683969396
13.098529112262009,1.0,38,9.328001,3800,27.203166544683764,1317201,100,0.14999999,80,57.468052,9.312632,77.63964424033105,3.0,51.23467,346.63184210526316,0.8262342,0.214075699772335,40.772478683969396
13.204451393394205,1.0,39,1.0349898,3900,17.229498076417745,1329094,100,0.14999999,80,44.836803,0.9071337,73.66482772253714,3.0,41.922035,340.79333333333335,1.3614914,1.0782229615024619,40.772478683969396
13.58753232375542,1.0,40,1.8550789,4000,28.527688607842812,1338782,100,0.14999999,80,45.045086,1.5998507,82.95451601025344,3.0,42.82917,334.6955,0.86318195,0.1610813995210756,40.772478683969396
13.185960990552134,1.0,41,12.140016,4100,-2.87689233757938,1359374,100,0.14999999,80,41.848106,12.088489,33.779430368314294,3.0,41.22932,331.55463414634147,1.8022218,1.8560941170253735,40.772478683969396
13.494024187327309,1.0,42,4.380621,4200,26.124615255109457,1369078,100,0.14999999,80,53.98703,4.3509836,74.79052751010217,3.0,53.31781,325.9709523809524,0.6848954,0.4916146509541143,40.772478683969396
13.714554943351013,1.0,43,0.117899634,4300,22.976846696346502,1381283,100,0.14999999,80,45.930748,0.115881994,75.91003651905734,3.0,48.966827,321.2286046511628,0.17619091,1.1928154658542658,40.772478683969396
13.9796061336071,1.0,44,11.388623,4400,25.376807314618837,1392325,100,0.14999999,80,45.90365,11.386207,76.79118861490075,3.0,49.08271,316.4375,0.19790924,0.9474427115693963,40.772478683969396
14.20577500727877,1.0,45,4.08737,4500,24.157205448832347,1402212,100,0.14999999,80,67.034706,4.042342,69.82296886708833,3.0,60.468918,311.60266666666666,0.43252033,0.5291244218012253,40.772478683969396
14.286943363436427,1.0,46,7.457475,4600,17.939519390530954,1414018,100,0.14999999,80,57.26995,7.440712,61.65306112782292,3.0,56.426575,307.39521739130436,-0.17250967,1.4185157807340858,40.772478683969396
14.489989672948996,1.0,47,4.042049,4700,23.83011991052708,1425774,100,0.14999999,80,48.640987,4.005977,76.29363929010447,3.0,48.985863,303.35617021276596,0.32723284,1.1722367400921248,40.772478683969396
14.735305224881477,1.0,48,4.5318003,4800,26.26513616570817,1435178,100,0.14999999,80,53.392445,4.5164595,75.81885366904858,3.0,52.99184,298.99541666666664,0.8660356,0.2609800270068824,40.772478683969396
14.89320542607504,1.0,49,4.867555,4900,22.472415083366077,1445053,100,0.14999999,80,51.08715,4.8493676,74.69042153887986,3.0,48.47538,294.90877551020407,1.2386047,0.25500253737740886,40.772478683969396
15.161133094682688,1.0,50,7.873222,5000,28.289588856457403,1454952,100,0.14999999,80,38.963825,7.8644304,82.10941763972218,3.0,43.62601,290.9904,0.8182157,0.3299035447242019,40.772478683969396
